sin_optimizar_O0	sin_optimizar_O1	sin_optimizat_O2	sin_optimizat_O3	optimizado_O0	optimizado_O1	optimizado_O2	optimizado_O3
24.330883	4.404778		4.115797	14.015062	4.403571	4.414543	4.326721
24.363220	4.289852		4.077479	13.784416	4.194130	4.197166	4.064335
24.348255	4.207281		4.084988	13.669192	4.207723	4.211602	4.058578
25.515203	4.477102		4.157354	13.705367	4.181102	4.250814	4.037326
30.078204	5.261715		4.743292	16.996223	6.783990	6.341024	5.005818
27.392278	4.672578		4.329443	14.017726	4.450505	4.443284	4.306919
25.008499	4.503606		4.371189	14.551244	4.559420	4.448774	4.411078
25.107214	4.480805		4.321414	14.101862	4.960686	4.779619	4.446097
25.576573	4.618850		4.363382	14.663262	5.545680	4.691539	4.306683
25.209239	4.435465		4.339959	14.321539	6.107670	5.781840	4.322039
