sin_optimizar_O0	sin_optimizar_O1	sin_optimizat_O2	sin_optimizat_O3	optimizado_O0	optimizado_O1	optimizado_O2	optimizado_O3
2.458875	0.427656		0.405519	1.418714	0.429847	0.449829	0.414562
2.404279	0.420605		0.444433	1.446786	0.426177	0.420941	0.408326
2.569553	0.446281		0.416470	1.361190	0.425341	0.448531	0.415335
2.485471	0.426602		0.407005	1.397428	0.419058	0.419030	0.420228
2.467192	0.434742		0.419207	1.368794	0.419541	0.421766	0.403943
2.393053	0.421294		0.419694	1.392733	0.423156	0.441325	0.405539
2.400679	0.424587		0.435754	1.490723	0.488144	0.449857	0.440450
2.416113	0.429252		0.404042	1.367061	0.425160	0.420653	0.419283
2.419726	0.425316		0.416941	1.411913	0.425152	0.455337	0.405377
2.427926	0.433149		0.404652	1.374207	0.420821	0.423873	0.407136
